-------------------------------workclass-------------------------------
                  Precision    Recall       TNR       NPV   F-Score
workclass                                                          
?                  0.340426  0.695652  0.911932  0.978659  0.457143
Federal-gov        0.587500  0.796610  0.770833  0.902439  0.676259
Local-gov          0.661538  0.688000  0.854305  0.868687  0.674510
Private            0.596725  0.723325  0.894058  0.937148  0.653954
Self-emp-inc       0.828358  0.822222  0.752688  0.744681  0.825279
Self-emp-not-inc   0.496403  0.594828  0.813830  0.866856  0.541176
State-gov          0.666667  0.738462  0.876289  0.909091  0.700730
Without-pay             NaN       NaN       NaN  1.000000       NaN
-------------------------------education-------------------------------
              Precision    Recall       TNR       NPV   F-Score
education                                                      
10th           0.000000       NaN  0.952607  1.000000       NaN
11th           0.333333  1.000000  0.982609  1.000000  0.500000
12th           0.000000       NaN  0.944444  1.000000       NaN
1st-4th        0.000000       NaN  0.962963  1.000000       NaN
5th-6th        0.000000       NaN  0.907692  1.000000       NaN
7th-8th        0.285714  0.666667  0.961538  0.992063  0.400000
9th            0.000000       NaN  0.980000  1.000000       NaN
Assoc-acdm     0.527273  0.659091  0.844311  0.903846  0.585859
Assoc-voc      0.565217  0.619048  0.856459  0.881773  0.590909
Bachelors      0.814255  0.743590  0.848057  0.786885  0.777320
Doctorate      0.864407  0.796875  0.466667  0.350000  0.829268
HS-grad        0.263314  0.581699  0.871118  0.963366  0.362525
Masters        0.900000  0.771429  0.851240  0.682119  0.830769
Prof-school    0.922222  0.873684  0.681818  0.555556  0.897297
Some-college   0.437500  0.673797  0.874613  0.948783  0.530526
Preschool           NaN       NaN       NaN  0.875000       NaN
-------------------------------marital-status-------------------------------
                       Precision    Recall       TNR       NPV   F-Score
marital-status                                                          
Divorced                0.384615  0.813953  0.934959  0.990160  0.522388
Married-AF-spouse       0.250000  1.000000  0.571429  1.000000  0.400000
Married-civ-spouse      0.653451  0.716010  0.738649  0.790753  0.683301
Married-spouse-absent   0.750000  0.750000  0.987952  0.987952  0.750000
Never-married           0.282353  0.800000  0.969891  0.996956  0.417391
Separated               0.227273  1.000000  0.915423  1.000000  0.370370
Widowed                 0.181818  0.666667  0.955000  0.994792  0.285714
-------------------------------occupation-------------------------------
                   Precision    Recall       TNR       NPV   F-Score
occupation                                                          
?                   0.340426  0.695652  0.911932  0.978659  0.457143
Adm-clerical        0.352381  0.685185  0.903272  0.973926  0.465409
Craft-repair        0.309392  0.622222  0.832888  0.948250  0.413284
Exec-managerial     0.855362  0.769058  0.835227  0.740554  0.809917
Farming-fishing     0.269231  0.700000  0.901554  0.983051  0.388889
Handlers-cleaners   0.200000  0.500000  0.971119  0.992620  0.285714
Machine-op-inspct   0.282609  0.619048  0.914062  0.977716  0.388060
Other-service       0.054054  0.500000  0.947368  0.996835  0.097561
Prof-specialty      0.797721  0.725389  0.828502  0.763920  0.759837
Protective-serv     0.541667  0.604651  0.747126  0.792683  0.571429
Sales               0.580311  0.732026  0.850000  0.918000  0.647399
Tech-support        0.621622  0.741935  0.815789  0.885714  0.676471
Transport-moving    0.333333  0.606061  0.860140  0.949807  0.430108
Armed-Forces             NaN       NaN       NaN  1.000000       NaN
Priv-house-serv          NaN       NaN       NaN  1.000000       NaN
-------------------------------relationship-------------------------------
                Precision    Recall       TNR       NPV   F-Score
relationship                                                     
Husband          0.657785  0.720146  0.740366  0.792427  0.687554
Not-in-family    0.350877  0.800000  0.928016  0.989627  0.487805
Other-relative   0.100000  0.250000  0.956731  0.985149  0.142857
Own-child        0.266667  1.000000  0.989022  1.000000  0.421053
Unmarried        0.250000  0.777778  0.968230  0.996885  0.378378
Wife             0.636364  0.700000  0.702128  0.758621  0.666667
-------------------------------race-------------------------------
                    Precision    Recall       TNR       NPV   F-Score
race                                                                 
Amer-Indian-Eskimo   0.375000  1.000000  0.920635  1.000000  0.545455
Asian-Pac-Islander   0.589286  0.733333  0.852564  0.917241  0.653465
Black                0.400000  0.731707  0.921053  0.979478  0.517241
Other                0.125000  0.500000  0.881356  0.981132  0.200000
White                0.623603  0.721325  0.875692  0.916707  0.668914
-------------------------------sex-------------------------------
        Precision    Recall       TNR       NPV   F-Score
sex                                                      
Female   0.512821  0.727273  0.941777  0.976178  0.601504
Male     0.624535  0.721649  0.843459  0.893596  0.669589
-------------------------------native-country-------------------------------
                            Precision    Recall       TNR       NPV   F-Score
native-country                                                               
?                            0.500000  0.565217  0.864583  0.892473  0.530612
Cambodia                     0.500000  1.000000  0.500000  1.000000  0.666667
Canada                       0.714286  0.500000  0.875000  0.736842  0.588235
China                        0.500000  0.666667  0.846154  0.916667  0.571429
Columbia                     0.000000       NaN  0.937500  1.000000       NaN
Cuba                         0.750000  0.857143  0.846154  0.916667  0.800000
Ecuador                      1.000000  1.000000  1.000000  1.000000  1.000000
England                      0.500000  0.571429  0.800000  0.842105  0.533333
France                       1.000000  0.750000  1.000000  0.800000  0.857143
Germany                      0.750000  0.857143  0.894737  0.944444  0.800000
Greece                       1.000000  1.000000  1.000000  1.000000  1.000000
Guatemala                    0.000000       NaN  0.937500  1.000000       NaN
India                        0.571429  0.571429  0.727273  0.727273  0.571429
Iran                         0.500000  1.000000  0.666667  1.000000  0.666667
Italy                        0.750000  0.750000  0.923077  0.923077  0.750000
Jamaica                      0.000000       NaN  0.809524  1.000000       NaN
Japan                        0.500000  0.500000  0.857143  0.857143  0.500000
Laos                         1.000000  1.000000  1.000000  1.000000  1.000000
Mexico                       0.166667  0.500000  0.956140  0.990909  0.250000
Nicaragua                    0.000000       NaN  0.857143  1.000000       NaN
Philippines                  0.588235  1.000000  0.810811  1.000000  0.740741
Poland                       0.200000  0.500000  0.750000  0.923077  0.285714
Portugal                     0.000000       NaN  0.833333  1.000000       NaN
Puerto-Rico                  0.000000       NaN  0.857143  1.000000       NaN
South                        1.000000  0.500000  1.000000  0.727273  0.666667
Taiwan                       0.833333  1.000000  0.500000  1.000000  0.909091
Thailand                     1.000000  1.000000  1.000000  1.000000  1.000000
United-States                0.615010  0.724223  0.879696  0.923200  0.665163
Vietnam                      0.000000       NaN  0.777778  1.000000       NaN
Yugoslavia                   0.000000       NaN       NaN       NaN       NaN
Dominican-Republic                NaN       NaN       NaN  1.000000       NaN
El-Salvador                       NaN       NaN       NaN  1.000000       NaN
Haiti                             NaN       NaN       NaN  1.000000       NaN
Honduras                          NaN       NaN       NaN  1.000000       NaN
Hong                              NaN       NaN       NaN  1.000000       NaN
Hungary                           NaN       NaN       NaN  1.000000       NaN
Ireland                           NaN       NaN       NaN  1.000000       NaN
Outlying-US(Guam-USVI-etc)        NaN       NaN       NaN  1.000000       NaN
Peru                              NaN       NaN       NaN  1.000000       NaN
Scotland                          NaN       NaN       NaN  1.000000       NaN
Trinadad&Tobago                   NaN       NaN       NaN  1.000000       NaN
